1 0.785981 0.794068 0.706542 0.856780 0.690654 0.872881 0.671963 0.888983 0.660748 0.893220 0.642991 0.892373 0.635514 0.894068 0.625234 0.900000 0.617757 0.906780 0.613084 0.912712 0.605607 0.927966 0.605607 0.945763 0.613084 0.953390 0.619626 0.955932 0.634579 0.955085 0.646729 0.950000 0.654206 0.944915 0.661682 0.937288 0.668224 0.927119 0.671028 0.909322 0.672897 0.905085 0.689720 0.890678 0.722430 0.871186 0.799065 0.812712 0.800000 0.802542 0.791589 0.794068 0.969978
1 0.554206 0.512712 0.540187 0.529661 0.533645 0.539831 0.490654 0.586441 0.451402 0.634746 0.442991 0.640678 0.431776 0.642373 0.417757 0.648305 0.404673 0.660169 0.400000 0.668644 0.400000 0.679661 0.406542 0.688136 0.414019 0.691525 0.430841 0.690678 0.439252 0.686441 0.448598 0.677966 0.453271 0.670339 0.455140 0.663559 0.454206 0.650847 0.456075 0.642373 0.523364 0.566949 0.563551 0.524576 0.564486 0.515254 0.562617 0.512712 0.967837
5 0.113084 0.553390 0.096262 0.559322 0.087850 0.565254 0.079439 0.573729 0.074766 0.581356 0.074766 0.604237 0.082243 0.615254 0.090654 0.621186 0.151402 0.643220 0.170093 0.643220 0.178505 0.640678 0.187850 0.635593 0.197196 0.627119 0.202804 0.617797 0.204673 0.611864 0.204673 0.599153 0.201869 0.592373 0.192523 0.583898 0.138318 0.553390 0.966776
1 0.608411 0.114407 0.570093 0.154237 0.555140 0.175424 0.546729 0.182203 0.532710 0.185593 0.521495 0.194915 0.520561 0.205085 0.528972 0.211864 0.545794 0.211864 0.552336 0.208475 0.557944 0.203390 0.560748 0.195763 0.559813 0.188136 0.562617 0.182203 0.589720 0.156780 0.618692 0.126271 0.619626 0.116949 0.616822 0.114407 0.963137
5 0.361682 0.764407 0.351402 0.768644 0.338318 0.778814 0.331776 0.787288 0.324299 0.801695 0.324299 0.828814 0.326168 0.829661 0.330841 0.839831 0.338318 0.847458 0.346729 0.852542 0.354206 0.855085 0.375701 0.855085 0.393458 0.849153 0.407477 0.846610 0.421495 0.837288 0.429907 0.825424 0.432710 0.817797 0.432710 0.794915 0.428972 0.786441 0.420561 0.778814 0.404673 0.772881 0.388785 0.764407 0.962191
6 0.332710 0.255932 0.331776 0.264407 0.333645 0.266949 0.334579 0.272881 0.328037 0.283898 0.324299 0.294068 0.324299 0.306780 0.326168 0.314407 0.347664 0.350847 0.372897 0.404237 0.382243 0.414407 0.393458 0.418644 0.412150 0.418644 0.427103 0.412712 0.432710 0.407627 0.436449 0.400847 0.436449 0.381356 0.423364 0.347458 0.408411 0.303390 0.406542 0.292373 0.403738 0.285593 0.391589 0.272881 0.378505 0.267797 0.360748 0.266102 0.353271 0.261017 0.348598 0.260170 0.340187 0.255932 0.961784
1 0.293458 0.647458 0.283178 0.655085 0.277570 0.666949 0.276636 0.678814 0.280374 0.703390 0.280374 0.726271 0.274766 0.750847 0.261682 0.793220 0.261682 0.806780 0.268224 0.811017 0.280374 0.811017 0.286916 0.805085 0.288785 0.769492 0.293458 0.748305 0.300000 0.732203 0.316822 0.701695 0.322430 0.687288 0.322430 0.663559 0.316822 0.653390 0.308411 0.647458 0.961190
2 0.843925 0.631356 0.812150 0.652542 0.800000 0.658475 0.769159 0.677119 0.742056 0.690678 0.636449 0.754237 0.630841 0.758475 0.630841 0.763559 0.636449 0.763559 0.640187 0.761864 0.726168 0.712712 0.762617 0.689830 0.842056 0.644915 0.850467 0.638983 0.852336 0.635593 0.850467 0.631356 0.959261
5 0.662617 0.230508 0.650467 0.237288 0.640187 0.250847 0.634579 0.290678 0.634579 0.315254 0.638318 0.321186 0.645794 0.327966 0.657009 0.332203 0.673832 0.332203 0.681308 0.329661 0.688785 0.322881 0.693458 0.312712 0.700000 0.276271 0.701869 0.272034 0.701869 0.251695 0.696262 0.240678 0.688785 0.233898 0.682243 0.230508 0.958758
6 0.573832 0.281356 0.569159 0.288136 0.560748 0.292373 0.547664 0.304237 0.542991 0.312712 0.542991 0.317797 0.550467 0.324576 0.553271 0.332203 0.555140 0.370339 0.557944 0.383051 0.565421 0.390678 0.573832 0.394068 0.585047 0.394068 0.593458 0.390678 0.599065 0.385593 0.601869 0.378814 0.602804 0.305085 0.595327 0.293220 0.585981 0.288136 0.581308 0.281356 0.954588
2 0.528037 0.433051 0.327103 0.478814 0.312150 0.483898 0.311215 0.490678 0.323364 0.490678 0.344860 0.485593 0.353271 0.482203 0.371963 0.478814 0.392523 0.472881 0.470093 0.455932 0.483178 0.451695 0.531776 0.440678 0.539252 0.437288 0.539252 0.433051 0.952630
6 0.712150 0.293220 0.707477 0.294915 0.702804 0.300847 0.705607 0.310169 0.711215 0.316102 0.711215 0.322881 0.703738 0.361017 0.697196 0.379661 0.697196 0.395763 0.703738 0.403390 0.713084 0.407627 0.728972 0.407627 0.735514 0.404237 0.739252 0.400000 0.757009 0.348305 0.763551 0.334746 0.763551 0.318644 0.759813 0.310169 0.752336 0.300847 0.750467 0.294068 0.743925 0.293220 0.740187 0.295763 0.733645 0.295763 0.725234 0.293220 0.950498
5 0.280374 0.212712 0.269159 0.218644 0.259813 0.229661 0.259813 0.249153 0.262617 0.255085 0.270093 0.264407 0.275701 0.277119 0.293458 0.306780 0.299065 0.311017 0.312150 0.315254 0.321495 0.315254 0.324299 0.313559 0.323364 0.294068 0.326168 0.284746 0.330841 0.276271 0.328972 0.270339 0.330841 0.244915 0.326168 0.232203 0.322430 0.226271 0.314019 0.218644 0.301869 0.212712 0.945913
4 0.513084 0.238983 0.505607 0.242373 0.498131 0.250000 0.498131 0.270339 0.500000 0.283051 0.504673 0.296610 0.507477 0.316102 0.509346 0.319492 0.518692 0.326271 0.533645 0.326271 0.538318 0.323729 0.542056 0.319492 0.542991 0.308475 0.544860 0.303390 0.544860 0.250847 0.538318 0.243220 0.529907 0.238983 0.937038
4 0.391589 0.208475 0.380374 0.217797 0.380374 0.234746 0.391589 0.261017 0.393458 0.270339 0.405607 0.286441 0.412150 0.290678 0.423364 0.290678 0.431776 0.284746 0.433645 0.281356 0.433645 0.266102 0.428037 0.251695 0.422430 0.221186 0.418692 0.213559 0.412150 0.208475 0.934308
2 0.254206 0.228814 0.189720 0.254237 0.189720 0.261864 0.200935 0.261017 0.257009 0.238136 0.260748 0.233898 0.260748 0.228814 0.913523
2 0.371028 0.182203 0.306542 0.209322 0.300000 0.210169 0.300000 0.213559 0.303738 0.214407 0.314019 0.214407 0.322430 0.211017 0.349533 0.198305 0.373832 0.188983 0.379439 0.184746 0.379439 0.182203 0.912316
2 0.298131 0.330508 0.242056 0.333898 0.167290 0.335593 0.164486 0.336441 0.164486 0.342373 0.169159 0.344068 0.225234 0.344068 0.258879 0.341525 0.291589 0.341525 0.321495 0.339831 0.337383 0.337288 0.337383 0.333898 0.334579 0.330508 0.870617