1 0.573832 0.256780 0.509346 0.282203 0.473832 0.300847 0.457009 0.298305 0.445794 0.300000 0.433645 0.305085 0.426168 0.311864 0.426168 0.321186 0.435514 0.327966 0.441121 0.329661 0.454206 0.329661 0.460748 0.327966 0.469159 0.323729 0.476636 0.316949 0.479439 0.311017 0.488785 0.304237 0.524299 0.294068 0.581308 0.272034 0.586916 0.267797 0.586916 0.260170 0.583178 0.256780 0.965872
6 0.104673 0.190678 0.101869 0.192373 0.101869 0.200000 0.105607 0.208475 0.103738 0.214407 0.095327 0.227119 0.095327 0.244915 0.108411 0.258475 0.121495 0.275424 0.146729 0.301695 0.190654 0.354237 0.198131 0.359322 0.206542 0.361864 0.222430 0.361864 0.231776 0.359322 0.239252 0.355085 0.246729 0.348305 0.251402 0.338983 0.250467 0.323729 0.237383 0.307627 0.209346 0.267797 0.178505 0.222881 0.166355 0.201695 0.158879 0.197458 0.143925 0.194068 0.114019 0.195763 0.107477 0.190678 0.964406
5 0.344860 0.303390 0.334579 0.308475 0.328037 0.314407 0.323364 0.322034 0.322430 0.344915 0.327103 0.350847 0.350467 0.393220 0.356075 0.398305 0.365421 0.402542 0.388785 0.401695 0.396262 0.398305 0.403738 0.391525 0.408411 0.383898 0.408411 0.368644 0.395327 0.338136 0.391589 0.324576 0.386916 0.316949 0.380374 0.311017 0.365421 0.303390 0.963610
5 0.238318 0.446610 0.225234 0.453390 0.216822 0.461864 0.213084 0.468644 0.213084 0.492373 0.220561 0.502542 0.230841 0.509322 0.257944 0.533898 0.270093 0.539831 0.290654 0.539831 0.298131 0.537288 0.308411 0.530508 0.314953 0.522881 0.318692 0.514407 0.318692 0.500847 0.315888 0.495763 0.290654 0.466102 0.285047 0.457627 0.278505 0.451695 0.268224 0.446610 0.963334
6 0.469159 0.372034 0.462617 0.378814 0.436449 0.388983 0.434579 0.390678 0.434579 0.400847 0.438318 0.403390 0.449533 0.405932 0.452336 0.409322 0.458879 0.427119 0.469159 0.463559 0.476636 0.471186 0.484112 0.474576 0.499065 0.474576 0.506542 0.471186 0.511215 0.466949 0.514953 0.460169 0.514953 0.444915 0.510280 0.425424 0.505607 0.392373 0.502804 0.387288 0.493458 0.378814 0.475701 0.372034 0.961193
1 0.591589 0.572034 0.578505 0.578814 0.571963 0.584746 0.567290 0.593220 0.564486 0.605932 0.557944 0.612712 0.500000 0.646610 0.466355 0.664407 0.444860 0.677966 0.403738 0.700000 0.402804 0.709322 0.408411 0.712712 0.413084 0.712712 0.416822 0.711017 0.457944 0.686441 0.473832 0.675424 0.502804 0.658475 0.528972 0.638983 0.554206 0.622881 0.569159 0.616949 0.591589 0.617797 0.608411 0.610169 0.617757 0.600847 0.619626 0.594915 0.619626 0.584746 0.614019 0.576271 0.607477 0.572034 0.961009
5 0.633645 0.261017 0.627103 0.264407 0.617757 0.272881 0.613084 0.279661 0.611215 0.284746 0.609346 0.305932 0.609346 0.344915 0.618692 0.355932 0.630841 0.361864 0.648598 0.361864 0.654206 0.359322 0.661682 0.353390 0.665421 0.348305 0.670093 0.336441 0.676636 0.300847 0.676636 0.283051 0.674766 0.277966 0.669159 0.270339 0.663551 0.265254 0.655140 0.261017 0.958788
5 0.655140 0.412712 0.640187 0.421186 0.633645 0.427966 0.629907 0.435593 0.627103 0.458475 0.627103 0.489831 0.635514 0.500847 0.641121 0.505085 0.649533 0.508475 0.671028 0.508475 0.677570 0.505932 0.685981 0.499153 0.691589 0.487288 0.694393 0.472881 0.700000 0.458475 0.700000 0.433051 0.693458 0.423729 0.686916 0.417797 0.676636 0.412712 0.958298
2 0.602804 0.633051 0.599065 0.636441 0.575701 0.668644 0.520561 0.727966 0.462617 0.799153 0.439252 0.825424 0.430841 0.835593 0.429907 0.840678 0.434579 0.840678 0.441121 0.835593 0.508411 0.759322 0.538318 0.722881 0.582243 0.674576 0.586916 0.666949 0.609346 0.641525 0.609346 0.633051 0.958270
1 0.293458 0.686441 0.282243 0.694068 0.276636 0.703390 0.274766 0.711017 0.275701 0.728814 0.281308 0.753390 0.281308 0.779661 0.277570 0.803390 0.268224 0.844915 0.268224 0.850847 0.270093 0.854237 0.273832 0.856780 0.288785 0.856780 0.293458 0.853390 0.295327 0.850000 0.296262 0.804237 0.300000 0.783898 0.307477 0.763559 0.318692 0.739831 0.323364 0.725424 0.322430 0.702542 0.316822 0.693220 0.306542 0.686441 0.952939
6 0.428972 0.014407 0.429907 0.017797 0.428037 0.027119 0.420561 0.034746 0.416822 0.043220 0.415888 0.065254 0.421495 0.082203 0.431776 0.139831 0.437383 0.147458 0.444860 0.150847 0.459813 0.150847 0.465421 0.148305 0.470093 0.144068 0.471028 0.122881 0.465421 0.088983 0.463551 0.061864 0.460748 0.049153 0.454206 0.036441 0.441121 0.028814 0.435514 0.014407 0.951434
4 0.145794 0.640678 0.133645 0.646610 0.121495 0.659322 0.117757 0.666949 0.117757 0.682203 0.119626 0.685593 0.127103 0.693220 0.140187 0.698305 0.159813 0.702542 0.185047 0.704237 0.190654 0.705932 0.206542 0.705085 0.212150 0.703390 0.220561 0.697458 0.224299 0.691525 0.224299 0.674576 0.220561 0.668644 0.214019 0.663559 0.204673 0.660169 0.190654 0.650847 0.178505 0.646610 0.167290 0.640678 0.950889
2 0.713084 0.296610 0.713084 0.307627 0.717757 0.322034 0.726168 0.361864 0.732710 0.381356 0.746729 0.444915 0.753271 0.467797 0.755140 0.471186 0.757944 0.472881 0.762617 0.472034 0.761682 0.450847 0.718692 0.296610 0.940645
1 0.568224 0.104237 0.562617 0.106780 0.562617 0.116102 0.573832 0.125424 0.581308 0.128814 0.588785 0.130508 0.600000 0.130508 0.613084 0.126271 0.625234 0.126271 0.665421 0.133051 0.682243 0.133898 0.698131 0.136441 0.720561 0.136441 0.722430 0.134746 0.722430 0.125424 0.715888 0.122034 0.671028 0.117797 0.649533 0.114407 0.613084 0.116102 0.608411 0.114407 0.600000 0.108475 0.585047 0.104237 0.939229
4 0.646729 0.136441 0.639252 0.142373 0.636449 0.147458 0.631776 0.179661 0.631776 0.215254 0.642056 0.221186 0.657009 0.221186 0.660748 0.219492 0.665421 0.215254 0.668224 0.206780 0.670093 0.185593 0.675701 0.163559 0.675701 0.145763 0.668224 0.138136 0.664486 0.136441 0.922181
2 0.711215 0.850847 0.686916 0.854237 0.667290 0.855085 0.614953 0.861017 0.595327 0.861864 0.580374 0.864407 0.568224 0.864407 0.552336 0.866949 0.534579 0.867797 0.471028 0.876271 0.455140 0.877119 0.438318 0.880508 0.437383 0.889831 0.465421 0.888983 0.535514 0.879661 0.552336 0.878814 0.571028 0.875424 0.612150 0.872034 0.668224 0.864407 0.714953 0.860169 0.724299 0.856780 0.724299 0.851695 0.722430 0.850847 0.913945
2 0.300000 0.172034 0.300935 0.178814 0.314019 0.181356 0.480374 0.196610 0.496262 0.195763 0.496262 0.192373 0.490654 0.189831 0.463551 0.186441 0.442991 0.185593 0.437383 0.183898 0.407477 0.180508 0.384112 0.179661 0.369159 0.177119 0.334579 0.174576 0.321495 0.172034 0.908923