1 0.331776 0.668644 0.315888 0.680508 0.296262 0.705085 0.282243 0.718644 0.254206 0.738136 0.225234 0.755085 0.213084 0.764407 0.212150 0.774576 0.214019 0.777966 0.219626 0.782203 0.226168 0.782203 0.229907 0.780508 0.257009 0.756780 0.283178 0.739831 0.300935 0.731356 0.326168 0.722881 0.339252 0.716949 0.346729 0.711864 0.355140 0.702542 0.358879 0.694915 0.358879 0.679661 0.354206 0.672881 0.348598 0.668644 0.974533
6 0.700000 0.066949 0.695327 0.071186 0.692523 0.079661 0.689720 0.082203 0.682243 0.084746 0.676636 0.089831 0.669159 0.102542 0.657009 0.173729 0.657009 0.188983 0.662617 0.195763 0.667290 0.198305 0.674766 0.200000 0.685047 0.200000 0.691589 0.197458 0.696262 0.192373 0.698131 0.187288 0.708411 0.137288 0.714019 0.116949 0.714019 0.094915 0.711215 0.088136 0.711215 0.083898 0.714019 0.077119 0.713084 0.066949 0.966116
6 0.103738 0.190678 0.100935 0.194915 0.105607 0.209322 0.101869 0.217797 0.095327 0.226271 0.096262 0.245763 0.145794 0.300847 0.185981 0.349153 0.195327 0.357627 0.206542 0.361864 0.222430 0.361864 0.228972 0.360169 0.240187 0.354237 0.244860 0.350000 0.251402 0.338136 0.251402 0.327966 0.247664 0.319492 0.234579 0.303390 0.214953 0.273729 0.196262 0.249153 0.178505 0.222881 0.168224 0.204237 0.162617 0.199153 0.149533 0.194915 0.134579 0.194068 0.114019 0.195763 0.106542 0.190678 0.964836
1 0.810280 0.722034 0.803738 0.726271 0.795327 0.734746 0.791589 0.741525 0.788785 0.751695 0.788785 0.769492 0.792523 0.777966 0.798131 0.785593 0.798131 0.793220 0.794393 0.806780 0.785047 0.830508 0.773832 0.875424 0.764486 0.905085 0.763551 0.913559 0.756075 0.937288 0.756075 0.951695 0.763551 0.956780 0.775701 0.956780 0.778505 0.952542 0.784112 0.922034 0.786916 0.914407 0.797196 0.864407 0.800935 0.852542 0.809346 0.793220 0.814019 0.788136 0.822430 0.783898 0.827103 0.779661 0.835514 0.762712 0.835514 0.737288 0.832710 0.730508 0.824299 0.722034 0.964522
5 0.276636 0.175424 0.267290 0.179661 0.257944 0.189831 0.257009 0.213559 0.267290 0.226271 0.271963 0.241525 0.277570 0.249153 0.286916 0.267797 0.294393 0.275424 0.301869 0.278814 0.322430 0.278814 0.333645 0.273729 0.341121 0.266949 0.343925 0.261864 0.343925 0.249153 0.330841 0.221186 0.319626 0.192373 0.308411 0.181356 0.299065 0.177119 0.298131 0.175424 0.963683
5 0.414953 0.776271 0.397196 0.783898 0.386916 0.793220 0.375701 0.811864 0.375701 0.841525 0.388785 0.859322 0.396262 0.864407 0.407477 0.868644 0.428972 0.868644 0.439252 0.865254 0.442056 0.862712 0.459813 0.854237 0.471028 0.844068 0.478505 0.827966 0.478505 0.806780 0.474766 0.799153 0.466355 0.791525 0.459813 0.788983 0.442056 0.777966 0.436449 0.776271 0.962800
5 0.356075 0.443220 0.342056 0.450847 0.337383 0.455085 0.330841 0.465254 0.328972 0.470339 0.328972 0.488136 0.357944 0.527966 0.366355 0.534746 0.376636 0.538983 0.393458 0.538983 0.403738 0.534746 0.414953 0.525424 0.419626 0.516102 0.419626 0.501695 0.403738 0.462712 0.394393 0.450847 0.383178 0.445763 0.380374 0.443220 0.961070
5 0.574766 0.144915 0.570093 0.146610 0.561682 0.152542 0.553271 0.167797 0.553271 0.226271 0.556075 0.236441 0.558879 0.240678 0.566355 0.246610 0.579439 0.250847 0.593458 0.250000 0.601869 0.245763 0.605607 0.242373 0.610280 0.234746 0.612150 0.223729 0.613084 0.166102 0.605607 0.152542 0.598131 0.147458 0.591589 0.144915 0.957021
1 0.600935 0.608475 0.585981 0.615254 0.578505 0.622034 0.571028 0.632203 0.559813 0.635593 0.499065 0.645763 0.472897 0.648305 0.404673 0.661017 0.388785 0.665254 0.388785 0.676271 0.396262 0.679661 0.404673 0.679661 0.417757 0.676271 0.422430 0.676271 0.491589 0.660169 0.524299 0.650847 0.566355 0.642373 0.575701 0.642373 0.586916 0.648305 0.593458 0.650000 0.607477 0.650847 0.615888 0.649153 0.626168 0.644068 0.632710 0.635593 0.632710 0.618644 0.630841 0.615254 0.621495 0.608475 0.955925
1 0.454206 0.086441 0.447664 0.093220 0.442991 0.104237 0.442991 0.115254 0.444860 0.120339 0.450467 0.127119 0.450467 0.132203 0.446729 0.142373 0.439252 0.185593 0.436449 0.194915 0.436449 0.207627 0.440187 0.210169 0.448598 0.210169 0.452336 0.204237 0.458879 0.163559 0.460748 0.132203 0.469159 0.124576 0.474766 0.115254 0.474766 0.098305 0.470093 0.090678 0.465421 0.086441 0.949386
2 0.372897 0.222881 0.372897 0.233898 0.377570 0.242373 0.387850 0.272881 0.400935 0.304237 0.410280 0.322034 0.414953 0.336441 0.421495 0.350000 0.426168 0.366102 0.431776 0.376271 0.438318 0.375424 0.438318 0.367797 0.436449 0.361864 0.424299 0.334746 0.418692 0.318644 0.396262 0.271186 0.392523 0.257627 0.386916 0.249153 0.384112 0.240678 0.380374 0.234746 0.376636 0.222881 0.947242
6 0.657009 0.237288 0.653271 0.250847 0.638318 0.260170 0.632710 0.266949 0.629907 0.272881 0.628972 0.295763 0.627103 0.304237 0.626168 0.322034 0.624299 0.327966 0.624299 0.348305 0.631776 0.356780 0.639252 0.360169 0.656075 0.360169 0.666355 0.353390 0.670093 0.344068 0.671963 0.327119 0.680374 0.288136 0.679439 0.267797 0.675701 0.261017 0.666355 0.254237 0.661682 0.237288 0.940646
2 0.773832 0.466102 0.757009 0.528814 0.732710 0.632203 0.722430 0.667797 0.722430 0.676271 0.725234 0.678814 0.731776 0.677966 0.735514 0.670339 0.742991 0.632203 0.745794 0.624576 0.753271 0.587288 0.755140 0.583898 0.762617 0.546610 0.767290 0.530508 0.773832 0.494915 0.778505 0.479661 0.778505 0.466102 0.940607
4 0.489720 0.224576 0.482243 0.228814 0.475701 0.234746 0.474766 0.251695 0.480374 0.273729 0.486916 0.288136 0.488785 0.302542 0.495327 0.309322 0.500935 0.311864 0.514019 0.311864 0.519626 0.309322 0.526168 0.301695 0.525234 0.260170 0.522430 0.238136 0.520561 0.233898 0.508411 0.224576 0.931664
4 0.382243 0.174576 0.369159 0.185593 0.369159 0.200847 0.386916 0.245763 0.391589 0.254237 0.398131 0.258475 0.411215 0.258475 0.416822 0.255932 0.422430 0.250000 0.422430 0.234746 0.414019 0.199153 0.407477 0.181356 0.400000 0.174576 0.927252
2 0.328972 0.107627 0.298131 0.157627 0.291589 0.169492 0.291589 0.174576 0.298131 0.174576 0.309346 0.158475 0.335514 0.115254 0.335514 0.107627 0.919371
2 0.258879 0.222881 0.248598 0.237288 0.248598 0.244915 0.254206 0.244915 0.263551 0.234746 0.264486 0.222881 0.753702
2 0.411215 0.433051 0.371028 0.433898 0.366355 0.434746 0.366355 0.440678 0.380374 0.442373 0.393458 0.441525 0.447664 0.443220 0.584112 0.443220 0.594393 0.440678 0.594393 0.435593 0.589720 0.433051 0.474402