5 0.097196 0.548305 0.078505 0.556780 0.063551 0.572881 0.062617 0.596610 0.069159 0.607627 0.082243 0.617797 0.100000 0.622881 0.140187 0.638983 0.158879 0.638983 0.172897 0.633898 0.180374 0.629661 0.187850 0.622034 0.192523 0.613559 0.193458 0.593220 0.189720 0.586441 0.182243 0.579661 0.138318 0.553390 0.127103 0.548305 0.968588
1 0.667290 0.716949 0.663551 0.722881 0.663551 0.733051 0.668224 0.736441 0.713084 0.750847 0.757009 0.766949 0.804673 0.778814 0.814953 0.783898 0.819626 0.788136 0.824299 0.796610 0.836449 0.808475 0.857944 0.816949 0.881308 0.816949 0.890654 0.812712 0.894393 0.808475 0.893458 0.794068 0.886916 0.785593 0.872897 0.775424 0.858879 0.769492 0.846729 0.766949 0.837383 0.766949 0.823364 0.772881 0.818692 0.772881 0.772897 0.752542 0.719626 0.733898 0.676636 0.716949 0.964250
2 0.604673 0.457627 0.604673 0.464407 0.631776 0.488136 0.680374 0.535593 0.771963 0.620339 0.776636 0.620339 0.776636 0.616102 0.771028 0.608475 0.738318 0.577966 0.710280 0.549153 0.613084 0.457627 0.964035
1 0.512150 0.525424 0.510280 0.527966 0.510280 0.534746 0.517757 0.544915 0.556075 0.613559 0.588785 0.666102 0.590654 0.675424 0.587850 0.685593 0.586916 0.700847 0.589720 0.709322 0.593458 0.715254 0.600935 0.722034 0.609346 0.725424 0.624299 0.724576 0.634579 0.716949 0.636449 0.713559 0.635514 0.693220 0.630841 0.685593 0.623364 0.678814 0.616822 0.674576 0.600935 0.668644 0.595327 0.662712 0.549533 0.572034 0.538318 0.552542 0.535514 0.544915 0.523364 0.525424 0.964003
2 0.374766 0.400000 0.374766 0.407627 0.389720 0.434746 0.404673 0.467797 0.424299 0.504237 0.449533 0.556780 0.457009 0.570339 0.463551 0.577966 0.468224 0.577119 0.467290 0.566102 0.451402 0.537288 0.419626 0.472881 0.379439 0.400000 0.962906
1 0.428972 0.132203 0.426168 0.134746 0.426168 0.141525 0.428972 0.144068 0.481308 0.162712 0.519626 0.172881 0.527103 0.178814 0.534579 0.187288 0.544860 0.191525 0.562617 0.191525 0.570093 0.186441 0.572897 0.182203 0.572897 0.174576 0.567290 0.169492 0.553271 0.166102 0.529907 0.166949 0.490654 0.149153 0.477570 0.145763 0.440187 0.132203 0.962478
5 0.408411 0.810170 0.390654 0.818644 0.381308 0.827119 0.369159 0.848305 0.369159 0.877119 0.379439 0.893220 0.384112 0.897458 0.392523 0.902542 0.400000 0.905085 0.423364 0.905085 0.436449 0.900000 0.467290 0.876271 0.471963 0.869492 0.474766 0.861864 0.474766 0.838983 0.470093 0.829661 0.460748 0.821186 0.433645 0.810170 0.961872
5 0.238318 0.212712 0.227103 0.218644 0.219626 0.227966 0.219626 0.251695 0.242991 0.283051 0.246729 0.290678 0.257944 0.300000 0.263551 0.308475 0.271028 0.314407 0.288785 0.314407 0.298131 0.311017 0.304673 0.306780 0.312150 0.298305 0.313084 0.284746 0.284112 0.228814 0.272897 0.218644 0.261682 0.212712 0.960982
5 0.608411 0.161017 0.597196 0.167797 0.586916 0.185593 0.586916 0.246610 0.589720 0.252542 0.594393 0.257627 0.608411 0.264407 0.626168 0.264407 0.633645 0.261017 0.640187 0.255085 0.643925 0.246610 0.648598 0.202542 0.648598 0.182203 0.642991 0.170339 0.633645 0.162712 0.628972 0.161017 0.958707
1 0.284112 0.655085 0.275701 0.661017 0.275701 0.677966 0.281308 0.695763 0.285981 0.721186 0.285981 0.748305 0.279439 0.775424 0.279439 0.795763 0.283178 0.802542 0.291589 0.808475 0.305607 0.808475 0.312150 0.805932 0.323364 0.795763 0.328972 0.783898 0.328037 0.763559 0.310280 0.727966 0.300935 0.699153 0.299065 0.683898 0.299065 0.661017 0.296262 0.655085 0.957054
6 0.714953 0.238983 0.710280 0.245763 0.699065 0.250847 0.690654 0.258475 0.686916 0.263559 0.684112 0.272881 0.683178 0.283898 0.673832 0.325424 0.673832 0.342373 0.681308 0.350847 0.689720 0.354237 0.704673 0.354237 0.709346 0.352542 0.715888 0.346610 0.719626 0.337288 0.729907 0.297458 0.736449 0.281356 0.736449 0.266102 0.734579 0.261017 0.730841 0.255085 0.723364 0.248305 0.722430 0.241525 0.720561 0.238983 0.952041
2 0.305607 0.145763 0.305607 0.151695 0.315888 0.169492 0.342056 0.224576 0.363551 0.266102 0.372897 0.279661 0.377570 0.279661 0.377570 0.275424 0.372897 0.263559 0.344860 0.211017 0.337383 0.194068 0.310280 0.145763 0.950979
6 0.194393 0.284746 0.193458 0.291525 0.195327 0.298305 0.194393 0.300847 0.184112 0.311017 0.181308 0.316102 0.180374 0.335593 0.186916 0.345763 0.199065 0.357627 0.212150 0.374576 0.221495 0.383051 0.224299 0.388136 0.258879 0.430508 0.266355 0.437288 0.276636 0.441525 0.296262 0.441525 0.302804 0.439831 0.314019 0.433898 0.319626 0.427966 0.323364 0.419492 0.323364 0.402542 0.308411 0.382203 0.297196 0.364407 0.292523 0.354237 0.289720 0.352542 0.269159 0.319492 0.267290 0.314407 0.257944 0.302542 0.251402 0.296610 0.244860 0.293220 0.236449 0.291525 0.210280 0.291525 0.200935 0.284746 0.949672
6 0.543925 0.277966 0.541121 0.282203 0.536449 0.284746 0.529907 0.291525 0.525234 0.298305 0.523364 0.303390 0.523364 0.323729 0.526168 0.333898 0.530841 0.376271 0.536449 0.384746 0.546729 0.389831 0.561682 0.389831 0.567290 0.387288 0.572897 0.382203 0.575701 0.377119 0.575701 0.305085 0.571963 0.296610 0.566355 0.289831 0.554206 0.283051 0.550467 0.277966 0.947989
2 0.398131 0.297458 0.359813 0.316102 0.298131 0.343220 0.292523 0.346610 0.292523 0.353390 0.298131 0.353390 0.309346 0.349153 0.368224 0.321186 0.385047 0.311864 0.392523 0.309322 0.404673 0.302542 0.406542 0.300847 0.406542 0.297458 0.944030
4 0.382243 0.195763 0.370093 0.204237 0.370093 0.219492 0.388785 0.266949 0.392523 0.272881 0.400935 0.277966 0.414953 0.277119 0.418692 0.275424 0.426168 0.267797 0.426168 0.255932 0.417757 0.232203 0.416822 0.222881 0.413084 0.209322 0.408411 0.200847 0.401869 0.195763 0.943320
4 0.503738 0.233051 0.494393 0.237288 0.486916 0.244915 0.486916 0.261017 0.489720 0.277119 0.498131 0.298305 0.499065 0.311017 0.506542 0.319492 0.512150 0.322034 0.521495 0.321186 0.523364 0.301695 0.526168 0.294915 0.534579 0.285593 0.535514 0.282203 0.534579 0.247458 0.531776 0.241525 0.527103 0.237288 0.518692 0.233051 0.935685
2 0.208411 0.383051 0.204673 0.386441 0.204673 0.392373 0.207477 0.394068 0.213084 0.394068 0.222430 0.389831 0.222430 0.385593 0.219626 0.383051 0.797626