1 0.336449 0.675424 0.324299 0.680508 0.318692 0.684746 0.288785 0.716949 0.269159 0.733898 0.249533 0.747458 0.220561 0.762712 0.213084 0.768644 0.213084 0.777119 0.221495 0.784746 0.228037 0.784746 0.234579 0.781356 0.268224 0.755085 0.293458 0.738983 0.310280 0.731356 0.343925 0.721186 0.354206 0.715254 0.360748 0.709322 0.364486 0.703390 0.365421 0.688983 0.357009 0.678814 0.350467 0.675424 0.970890
5 0.101869 0.569492 0.082243 0.577119 0.075701 0.581356 0.067290 0.589831 0.061682 0.598305 0.061682 0.620339 0.069159 0.631356 0.076636 0.638136 0.098131 0.644915 0.121495 0.655085 0.139252 0.661017 0.157944 0.661017 0.180374 0.650847 0.186916 0.644915 0.196262 0.632203 0.197196 0.613559 0.195327 0.610169 0.185981 0.602542 0.142056 0.577966 0.133645 0.572034 0.127103 0.569492 0.965870
1 0.809346 0.722034 0.796262 0.733051 0.791589 0.740678 0.788785 0.750000 0.788785 0.770339 0.797196 0.784746 0.797196 0.797458 0.785047 0.829661 0.782243 0.844068 0.774766 0.867797 0.774766 0.872034 0.764486 0.905085 0.763551 0.913559 0.755140 0.939831 0.755140 0.950000 0.759813 0.955085 0.763551 0.956780 0.775701 0.956780 0.779439 0.950847 0.783178 0.926271 0.785981 0.918644 0.802804 0.843220 0.809346 0.792373 0.813084 0.788136 0.819626 0.785593 0.827103 0.779661 0.832710 0.770339 0.836449 0.760169 0.836449 0.738983 0.831776 0.728814 0.824299 0.722034 0.965191
5 0.411215 0.777119 0.392523 0.787288 0.385981 0.794068 0.375701 0.811864 0.375701 0.842373 0.385047 0.855932 0.389720 0.860169 0.406542 0.868644 0.429907 0.868644 0.444860 0.862712 0.465421 0.850000 0.475701 0.836441 0.478505 0.827966 0.478505 0.805932 0.473832 0.797458 0.467290 0.791525 0.440187 0.777119 0.962595
2 0.328972 0.107627 0.297196 0.158475 0.279439 0.191525 0.253271 0.232203 0.250467 0.237288 0.250467 0.244068 0.253271 0.244068 0.258879 0.238136 0.285047 0.198305 0.299065 0.173729 0.334579 0.117797 0.335514 0.107627 0.961788
5 0.174766 0.211017 0.162617 0.216949 0.154206 0.224576 0.154206 0.245763 0.158879 0.255932 0.171028 0.269492 0.186916 0.291525 0.197196 0.300847 0.206542 0.304237 0.226168 0.304237 0.234579 0.306780 0.244860 0.306780 0.250467 0.302542 0.255140 0.294915 0.255140 0.283051 0.220561 0.226271 0.214019 0.220339 0.198131 0.211017 0.958157
1 0.600935 0.608475 0.585981 0.615254 0.569159 0.633051 0.560748 0.635593 0.534579 0.638983 0.521495 0.642373 0.499065 0.645763 0.474766 0.648305 0.451402 0.653390 0.435514 0.655085 0.387850 0.665254 0.387850 0.676271 0.393458 0.678814 0.410280 0.678814 0.422430 0.676271 0.492523 0.660169 0.524299 0.650847 0.566355 0.642373 0.577570 0.643220 0.585047 0.647458 0.594393 0.650000 0.615888 0.649153 0.626168 0.644068 0.630841 0.639831 0.633645 0.634746 0.633645 0.618644 0.628972 0.612712 0.621495 0.608475 0.957389
5 0.574766 0.144915 0.570093 0.146610 0.560748 0.153390 0.552336 0.169492 0.552336 0.210169 0.554206 0.232203 0.557009 0.238136 0.564486 0.245763 0.576636 0.250847 0.591589 0.250847 0.598131 0.248305 0.606542 0.241525 0.611215 0.232203 0.614019 0.195763 0.614019 0.168644 0.605607 0.152542 0.602804 0.150000 0.591589 0.144915 0.957295
6 0.183178 0.301695 0.181308 0.303390 0.183178 0.314407 0.172897 0.327119 0.170093 0.333051 0.170093 0.350847 0.171963 0.355085 0.185047 0.367797 0.251402 0.444068 0.257944 0.450000 0.269159 0.455085 0.285981 0.455085 0.295327 0.452542 0.305607 0.446610 0.313084 0.438983 0.316822 0.431356 0.315888 0.413559 0.271963 0.350847 0.252336 0.319492 0.242991 0.310169 0.228972 0.305932 0.197196 0.305932 0.188785 0.301695 0.950288
1 0.454206 0.086441 0.447664 0.093220 0.442991 0.104237 0.442991 0.115254 0.444860 0.120339 0.450467 0.127119 0.450467 0.132203 0.446729 0.142373 0.441121 0.176271 0.436449 0.194915 0.436449 0.207627 0.439252 0.210169 0.448598 0.210169 0.451402 0.207627 0.458879 0.164407 0.460748 0.133051 0.462617 0.129661 0.471028 0.122881 0.474766 0.116102 0.474766 0.098305 0.471028 0.091525 0.465421 0.086441 0.950260
6 0.694393 0.066102 0.689720 0.068644 0.685981 0.078814 0.682243 0.082203 0.674766 0.085593 0.667290 0.095763 0.663551 0.104237 0.662617 0.119492 0.658879 0.126271 0.660748 0.129661 0.660748 0.135593 0.658879 0.138136 0.657944 0.148305 0.655140 0.154237 0.656075 0.158475 0.654206 0.161017 0.654206 0.181356 0.658879 0.191525 0.666355 0.197458 0.673832 0.200000 0.684112 0.200000 0.689720 0.198305 0.693458 0.194915 0.700000 0.175424 0.706542 0.129661 0.709346 0.121186 0.709346 0.094068 0.706542 0.088136 0.706542 0.081356 0.708411 0.077119 0.707477 0.066102 0.943287
2 0.372897 0.222881 0.372897 0.230508 0.385047 0.258475 0.391589 0.279661 0.420561 0.344068 0.428972 0.369492 0.433645 0.376271 0.440187 0.375424 0.440187 0.369492 0.436449 0.358475 0.418692 0.316102 0.400000 0.277119 0.393458 0.257627 0.376636 0.222881 0.942702
6 0.642991 0.244915 0.634579 0.252542 0.628972 0.260170 0.622430 0.263559 0.615888 0.269492 0.610280 0.281356 0.609346 0.328814 0.621495 0.335593 0.636449 0.338983 0.645794 0.338983 0.653271 0.335593 0.657009 0.329661 0.657944 0.307627 0.659813 0.301695 0.659813 0.272881 0.650467 0.259322 0.650467 0.244915 0.938538
2 0.769159 0.483051 0.756075 0.539831 0.745794 0.575424 0.742056 0.597458 0.731776 0.636441 0.728972 0.652542 0.722430 0.669492 0.722430 0.676271 0.727103 0.679661 0.730841 0.679661 0.734579 0.676271 0.738318 0.663559 0.756075 0.578814 0.762617 0.554237 0.767290 0.527119 0.772897 0.505932 0.773832 0.483051 0.933204
4 0.489720 0.224576 0.482243 0.228814 0.475701 0.234746 0.474766 0.251695 0.479439 0.271186 0.486916 0.288983 0.488785 0.302542 0.493458 0.308475 0.501869 0.312712 0.515888 0.311864 0.524299 0.305085 0.526168 0.301695 0.525234 0.260170 0.522430 0.238136 0.520561 0.233898 0.508411 0.224576 0.930707
4 0.380374 0.175424 0.369159 0.184746 0.369159 0.200847 0.374766 0.213559 0.376636 0.222034 0.384112 0.234746 0.384112 0.237288 0.390654 0.250847 0.392523 0.254237 0.398131 0.258475 0.411215 0.258475 0.417757 0.255085 0.422430 0.250000 0.422430 0.235593 0.414953 0.202542 0.408411 0.183051 0.400935 0.175424 0.926779
2 0.375701 0.433051 0.365421 0.434746 0.365421 0.439831 0.369159 0.440678 0.433645 0.441525 0.463551 0.443220 0.585981 0.443220 0.595327 0.441525 0.596262 0.436441 0.591589 0.433051 0.591104
1 0.680374 0.383051 0.671028 0.388136 0.665421 0.394068 0.665421 0.414407 0.672897 0.420339 0.678505 0.422881 0.687850 0.422034 0.695327 0.416102 0.700000 0.403390 0.707477 0.392373 0.707477 0.383051 0.583725