2 0.707477 0.699153 0.700935 0.704237 0.697196 0.710169 0.656075 0.747458 0.626168 0.772034 0.562617 0.829661 0.506542 0.883051 0.506542 0.887288 0.511215 0.887288 0.519626 0.881356 0.593458 0.816949 0.689720 0.727966 0.705607 0.716102 0.711215 0.711017 0.714953 0.705085 0.715888 0.700847 0.714019 0.699153 0.967503
1 0.764486 0.590678 0.752336 0.599153 0.746729 0.607627 0.742056 0.622881 0.740187 0.642373 0.735514 0.666102 0.730841 0.678814 0.716822 0.705932 0.711215 0.711864 0.708411 0.710169 0.709346 0.726271 0.718692 0.732203 0.726168 0.732203 0.731776 0.727966 0.734579 0.722881 0.743925 0.691525 0.754206 0.669492 0.763551 0.657627 0.783178 0.637288 0.791589 0.623729 0.792523 0.602542 0.788785 0.596610 0.780374 0.590678 0.967375
1 0.862617 0.811864 0.774766 0.853390 0.744860 0.871186 0.731776 0.877119 0.722430 0.877966 0.711215 0.872881 0.697196 0.872881 0.687850 0.875424 0.676636 0.881356 0.666355 0.892373 0.660748 0.904237 0.660748 0.916102 0.662617 0.919492 0.670093 0.926271 0.674766 0.927966 0.698131 0.927966 0.711215 0.922034 0.716822 0.918644 0.723364 0.911864 0.726168 0.905932 0.728037 0.896610 0.733645 0.890678 0.749533 0.883051 0.775701 0.875424 0.793458 0.868644 0.829907 0.851695 0.874766 0.833051 0.878505 0.829661 0.878505 0.821186 0.873832 0.813559 0.871028 0.811864 0.967075
2 0.458879 0.471186 0.268224 0.590678 0.255140 0.600847 0.255140 0.605932 0.265421 0.605932 0.272897 0.601695 0.292523 0.587288 0.386916 0.527966 0.457009 0.481356 0.463551 0.475424 0.463551 0.471186 0.966832
5 0.108411 0.646610 0.083178 0.658475 0.071963 0.669492 0.065421 0.678814 0.065421 0.701695 0.072897 0.713559 0.079439 0.719492 0.087850 0.723729 0.127103 0.729661 0.145794 0.733898 0.170093 0.733051 0.185047 0.725424 0.193458 0.717797 0.202804 0.700847 0.202804 0.682203 0.199065 0.675424 0.187850 0.666949 0.169159 0.659322 0.153271 0.655085 0.134579 0.646610 0.965533
5 0.228972 0.116102 0.219626 0.121186 0.214019 0.126271 0.211215 0.131356 0.211215 0.151695 0.220561 0.164407 0.231776 0.187288 0.245794 0.211017 0.251402 0.216949 0.261682 0.221186 0.279439 0.221186 0.291589 0.215254 0.299065 0.207627 0.300000 0.192373 0.288785 0.170339 0.271963 0.131356 0.259813 0.120339 0.252336 0.116102 0.962717
2 0.479439 0.212712 0.419626 0.244068 0.400000 0.255932 0.377570 0.266102 0.312150 0.300847 0.313084 0.308475 0.319626 0.308475 0.328972 0.304237 0.419626 0.255085 0.483178 0.219492 0.486916 0.216102 0.486916 0.212712 0.962540
5 0.321495 0.757627 0.307477 0.764407 0.297196 0.772881 0.289720 0.783051 0.284112 0.795763 0.284112 0.821186 0.288785 0.830508 0.293458 0.836441 0.300935 0.842373 0.315888 0.847458 0.332710 0.847458 0.344860 0.844068 0.357009 0.844068 0.371028 0.840678 0.379439 0.836441 0.388785 0.827966 0.396262 0.814407 0.397196 0.788136 0.391589 0.777119 0.384112 0.771186 0.372897 0.766949 0.366355 0.766102 0.348598 0.757627 0.960902
6 0.601869 0.336441 0.599065 0.339831 0.590654 0.343220 0.585047 0.347458 0.577570 0.359322 0.577570 0.427119 0.579439 0.433051 0.582243 0.436441 0.587850 0.440678 0.594393 0.443220 0.610280 0.443220 0.615888 0.440678 0.621495 0.435593 0.625234 0.423729 0.627103 0.396610 0.629907 0.382203 0.629907 0.358475 0.623364 0.347458 0.619626 0.344068 0.612150 0.340678 0.609346 0.336441 0.956188
5 0.719626 0.227966 0.711215 0.232203 0.702804 0.239831 0.698131 0.247458 0.689720 0.283051 0.688785 0.298305 0.703738 0.303390 0.712150 0.304237 0.718692 0.307627 0.724299 0.312712 0.728972 0.322881 0.732710 0.326271 0.735514 0.325424 0.741121 0.320339 0.746729 0.309322 0.753271 0.289831 0.755140 0.279661 0.759813 0.268644 0.759813 0.249153 0.757944 0.242373 0.755140 0.237288 0.748598 0.231356 0.742056 0.227966 0.952295
6 0.676636 0.299153 0.673832 0.300000 0.669159 0.305085 0.669159 0.311864 0.676636 0.319492 0.678505 0.323729 0.673832 0.359322 0.667290 0.386441 0.667290 0.397458 0.671028 0.404237 0.675701 0.408475 0.684112 0.411864 0.700000 0.411864 0.709346 0.405085 0.714019 0.394068 0.716822 0.379661 0.719626 0.373729 0.726168 0.348305 0.729907 0.340678 0.729907 0.324576 0.722430 0.312712 0.714953 0.306780 0.698131 0.302542 0.692523 0.299153 0.949228
6 0.116822 0.340678 0.114953 0.342373 0.114019 0.350847 0.107477 0.360169 0.106542 0.370339 0.100000 0.383898 0.100935 0.405085 0.111215 0.416102 0.122430 0.422881 0.205607 0.493220 0.215888 0.498305 0.238318 0.498305 0.247664 0.494915 0.257944 0.488136 0.264486 0.479661 0.266355 0.474576 0.266355 0.455932 0.264486 0.452542 0.250467 0.438983 0.182243 0.361864 0.172897 0.355932 0.165421 0.353390 0.139252 0.352542 0.135514 0.350847 0.128972 0.344068 0.122430 0.340678 0.948401
1 0.604673 0.185593 0.600935 0.188983 0.600935 0.202542 0.606542 0.211864 0.611215 0.216102 0.628972 0.223729 0.636449 0.223729 0.645794 0.227119 0.653271 0.232203 0.673832 0.250847 0.691589 0.261017 0.694393 0.260170 0.695327 0.257627 0.695327 0.245763 0.673832 0.229661 0.648598 0.217797 0.644860 0.214407 0.643925 0.206780 0.637383 0.197458 0.628037 0.189831 0.617757 0.185593 0.947759
4 0.357944 0.318644 0.348598 0.325424 0.342991 0.332203 0.342991 0.345763 0.365421 0.387288 0.371028 0.394068 0.380374 0.398305 0.388785 0.398305 0.400000 0.392373 0.404673 0.384746 0.404673 0.372881 0.398131 0.362712 0.389720 0.332203 0.376636 0.318644 0.942847
4 0.600000 0.219492 0.593458 0.222881 0.587850 0.227966 0.585047 0.233051 0.585981 0.293220 0.588785 0.300000 0.595327 0.305085 0.600000 0.306780 0.613084 0.306780 0.619626 0.303390 0.624299 0.297458 0.626168 0.290678 0.627103 0.275424 0.631776 0.256780 0.631776 0.230508 0.626168 0.223729 0.618692 0.219492 0.932970
1 0.474766 0.515254 0.471963 0.522881 0.471963 0.561017 0.473832 0.579661 0.476636 0.676271 0.472897 0.683051 0.464486 0.691525 0.457944 0.706780 0.458879 0.724576 0.461682 0.729661 0.466355 0.733898 0.473832 0.737288 0.485047 0.737288 0.491589 0.734746 0.499065 0.728814 0.503738 0.720339 0.502804 0.694915 0.488785 0.678814 0.485981 0.673729 0.487850 0.638136 0.486916 0.595763 0.489720 0.542373 0.489720 0.522034 0.486916 0.515254 0.928477
2 0.295327 0.330508 0.171028 0.335593 0.164486 0.336441 0.164486 0.342373 0.168224 0.344068 0.227103 0.344068 0.261682 0.341525 0.337383 0.339831 0.342991 0.337288 0.342991 0.331356 0.341121 0.330508 0.840243