1 0.728972 0.736441 0.722430 0.743220 0.722430 0.764407 0.730841 0.779661 0.738318 0.788136 0.744860 0.793220 0.758879 0.798305 0.765421 0.799153 0.772897 0.804237 0.869159 0.922881 0.884112 0.938983 0.892523 0.938983 0.899065 0.933898 0.899065 0.922881 0.816822 0.829661 0.781308 0.794915 0.777570 0.786441 0.777570 0.772034 0.772897 0.761017 0.765421 0.750847 0.757009 0.743220 0.744860 0.736441 0.968264
1 0.593458 0.573729 0.580374 0.579661 0.573832 0.585593 0.569159 0.593220 0.566355 0.604237 0.559813 0.611864 0.519626 0.633898 0.495327 0.644915 0.484112 0.651695 0.463551 0.661017 0.441121 0.673729 0.406542 0.690678 0.400000 0.695763 0.400000 0.702542 0.404673 0.705932 0.412150 0.705932 0.448598 0.686441 0.555140 0.622881 0.570093 0.617797 0.578505 0.619492 0.594393 0.619492 0.608411 0.613559 0.614019 0.609322 0.620561 0.600000 0.620561 0.583898 0.616822 0.578814 0.609346 0.573729 0.967484
6 0.104673 0.190678 0.101869 0.192373 0.101869 0.199153 0.104673 0.204237 0.105607 0.210169 0.095327 0.227119 0.096262 0.245763 0.146729 0.301695 0.156075 0.314407 0.172897 0.332203 0.190654 0.354237 0.198131 0.359322 0.206542 0.361864 0.222430 0.361864 0.228972 0.360169 0.240187 0.354237 0.244860 0.350000 0.251402 0.338136 0.251402 0.327966 0.247664 0.319492 0.234579 0.303390 0.196262 0.249153 0.178505 0.222881 0.166355 0.201695 0.158879 0.197458 0.143925 0.194068 0.117757 0.196610 0.114019 0.195763 0.106542 0.190678 0.965747
5 0.271028 0.181356 0.264486 0.184746 0.255140 0.194068 0.253271 0.199153 0.253271 0.217797 0.263551 0.232203 0.284112 0.272881 0.294393 0.282203 0.301869 0.284746 0.318692 0.284746 0.333645 0.277119 0.341121 0.267797 0.341121 0.253390 0.329907 0.231356 0.315888 0.196610 0.310280 0.190678 0.296262 0.181356 0.963409
5 0.355140 0.458475 0.343925 0.464407 0.334579 0.474576 0.329907 0.483051 0.329907 0.504237 0.337383 0.514407 0.350467 0.527966 0.358879 0.539831 0.369159 0.549153 0.377570 0.552542 0.395327 0.552542 0.406542 0.547458 0.416822 0.538136 0.421495 0.528814 0.420561 0.506780 0.407477 0.483898 0.403738 0.473729 0.396262 0.465254 0.390654 0.461864 0.385981 0.461017 0.383178 0.458475 0.962019
5 0.411215 0.776271 0.399065 0.781356 0.388785 0.788983 0.383178 0.795763 0.374766 0.810170 0.374766 0.840678 0.381308 0.851695 0.389720 0.860169 0.405607 0.867797 0.428037 0.867797 0.442991 0.861864 0.463551 0.848305 0.471028 0.840678 0.475701 0.832203 0.476636 0.805932 0.471028 0.794915 0.462617 0.788136 0.436449 0.776271 0.961776
1 0.297196 0.687288 0.291589 0.690678 0.283178 0.699153 0.279439 0.706780 0.277570 0.716102 0.278505 0.732203 0.283178 0.755085 0.283178 0.781356 0.279439 0.809322 0.271028 0.840678 0.271028 0.853390 0.274766 0.856780 0.290654 0.856780 0.295327 0.853390 0.297196 0.850000 0.299065 0.806780 0.302804 0.784746 0.307477 0.769492 0.320561 0.742373 0.328037 0.722034 0.328037 0.703390 0.326168 0.698305 0.323364 0.694068 0.314953 0.687288 0.960134
1 0.387850 0.120339 0.386916 0.133051 0.400935 0.150000 0.408411 0.152542 0.424299 0.154237 0.428972 0.156780 0.453271 0.177966 0.497196 0.210169 0.501869 0.210169 0.506542 0.206780 0.505607 0.198305 0.456075 0.161017 0.434579 0.149153 0.428972 0.143220 0.428972 0.138983 0.426168 0.133051 0.414953 0.122881 0.409346 0.120339 0.959264
2 0.676636 0.467797 0.677570 0.478814 0.693458 0.510169 0.718692 0.568644 0.726168 0.582203 0.759813 0.661017 0.767290 0.675424 0.771028 0.678814 0.776636 0.677966 0.775701 0.665254 0.759813 0.633051 0.729907 0.566102 0.697196 0.499153 0.688785 0.478814 0.682243 0.467797 0.958198
5 0.571028 0.172034 0.565421 0.174576 0.557944 0.181356 0.551402 0.192373 0.550467 0.220339 0.555140 0.262712 0.563551 0.272034 0.573832 0.276271 0.589720 0.276271 0.599065 0.272881 0.606542 0.266949 0.611215 0.254237 0.612150 0.193220 0.605607 0.181356 0.597196 0.174576 0.591589 0.172034 0.956757
6 0.631776 0.054237 0.629907 0.058475 0.630841 0.073729 0.623364 0.092373 0.622430 0.098305 0.621495 0.127966 0.616822 0.165254 0.616822 0.177119 0.618692 0.182203 0.623364 0.187288 0.630841 0.190678 0.644860 0.190678 0.650467 0.188136 0.656075 0.182203 0.658879 0.172881 0.664486 0.125424 0.668224 0.105932 0.668224 0.087288 0.665421 0.079661 0.655140 0.069492 0.655140 0.060169 0.654206 0.056780 0.651402 0.054237 0.955914
6 0.675701 0.228814 0.671963 0.233898 0.671963 0.238983 0.675701 0.247458 0.675701 0.255085 0.672897 0.261864 0.669159 0.291525 0.662617 0.319492 0.662617 0.337288 0.669159 0.344068 0.677570 0.348305 0.694393 0.348305 0.703738 0.341525 0.706542 0.336441 0.714019 0.304237 0.723364 0.274576 0.723364 0.254237 0.721495 0.250000 0.710280 0.239831 0.709346 0.233898 0.707477 0.231356 0.697196 0.230508 0.693458 0.228814 0.941103
2 0.315888 0.325424 0.315888 0.329661 0.326168 0.333051 0.405607 0.350847 0.451402 0.362712 0.473832 0.366949 0.480374 0.369492 0.501869 0.372881 0.510280 0.375424 0.524299 0.375424 0.525234 0.370339 0.516822 0.366102 0.457009 0.354237 0.426168 0.345763 0.328972 0.325424 0.940998
2 0.587850 0.414407 0.575701 0.417797 0.553271 0.421186 0.545794 0.423729 0.524299 0.427119 0.404673 0.451695 0.382243 0.456780 0.382243 0.460169 0.400000 0.460169 0.448598 0.450847 0.473832 0.447458 0.482243 0.444915 0.487850 0.444915 0.501869 0.441525 0.526168 0.438136 0.551402 0.432203 0.590654 0.425424 0.599065 0.421186 0.599065 0.416102 0.597196 0.414407 0.938912
4 0.393458 0.177966 0.383178 0.185593 0.380374 0.190678 0.380374 0.210169 0.391589 0.235593 0.396262 0.251695 0.399065 0.256780 0.406542 0.261864 0.422430 0.261864 0.426168 0.260170 0.431776 0.254237 0.431776 0.236441 0.426168 0.221186 0.423364 0.199153 0.417757 0.185593 0.408411 0.177966 0.937547
4 0.505607 0.244915 0.498131 0.249153 0.491589 0.256780 0.491589 0.271186 0.496262 0.291525 0.501869 0.305085 0.502804 0.316949 0.504673 0.322034 0.510280 0.327966 0.514019 0.329661 0.532710 0.328814 0.541121 0.319492 0.540187 0.259322 0.537383 0.252542 0.531776 0.247458 0.526168 0.244915 0.936486
2 0.389720 0.142373 0.385047 0.161864 0.385047 0.178814 0.391589 0.178814 0.395327 0.171186 0.398131 0.148305 0.394393 0.142373 0.812203
2 0.400935 0.083051 0.395327 0.103390 0.395327 0.111017 0.393458 0.115254 0.385981 0.120339 0.385981 0.127119 0.389720 0.127119 0.393458 0.122881 0.400935 0.120339 0.403738 0.117797 0.408411 0.099153 0.408411 0.083051 0.651529