6 0.264486 0.000847 0.263551 0.004237 0.266355 0.011864 0.266355 0.016949 0.259813 0.022881 0.250467 0.036441 0.250467 0.055085 0.256075 0.063559 0.268224 0.088136 0.300000 0.161017 0.303738 0.172881 0.308411 0.181356 0.314019 0.186441 0.324299 0.190678 0.343925 0.190678 0.357009 0.184746 0.363551 0.175424 0.363551 0.161864 0.340187 0.100000 0.332710 0.073729 0.317757 0.031356 0.308411 0.022034 0.281308 0.012712 0.275701 0.006780 0.272897 0.000847 0.970249
1 0.686916 0.120339 0.674766 0.127119 0.668224 0.133051 0.664486 0.138136 0.661682 0.146610 0.658879 0.149153 0.633645 0.161017 0.580374 0.194068 0.575701 0.198305 0.575701 0.203390 0.580374 0.207627 0.587850 0.207627 0.591589 0.205932 0.635514 0.178814 0.654206 0.163559 0.663551 0.157627 0.668224 0.155932 0.680374 0.155932 0.693458 0.150847 0.700000 0.144068 0.704673 0.135593 0.704673 0.122881 0.701869 0.120339 0.968703
1 0.714953 0.304237 0.701869 0.311017 0.691589 0.320339 0.687850 0.327966 0.686916 0.338983 0.685047 0.341525 0.657009 0.363559 0.603738 0.412712 0.603738 0.418644 0.610280 0.423729 0.616822 0.423729 0.619626 0.422034 0.637383 0.405932 0.664486 0.379661 0.691589 0.350000 0.694393 0.348305 0.704673 0.347458 0.714019 0.344915 0.724299 0.337288 0.731776 0.325424 0.731776 0.309322 0.726168 0.304237 0.968138
1 0.477570 0.246610 0.464486 0.254237 0.433645 0.277966 0.415888 0.284746 0.398131 0.287288 0.389720 0.290678 0.385047 0.294915 0.385981 0.303390 0.392523 0.309322 0.402804 0.313559 0.417757 0.313559 0.427103 0.310169 0.464486 0.272034 0.480374 0.262712 0.485981 0.261864 0.492523 0.258475 0.493458 0.252542 0.487850 0.246610 0.965978
6 0.508411 0.058475 0.506542 0.061864 0.502804 0.064407 0.487850 0.066102 0.481308 0.069492 0.478505 0.072881 0.478505 0.081356 0.481308 0.085593 0.490654 0.094068 0.491589 0.096610 0.491589 0.104237 0.494393 0.115254 0.502804 0.183898 0.509346 0.191525 0.515888 0.194068 0.529907 0.194068 0.534579 0.192373 0.540187 0.187288 0.541121 0.159322 0.538318 0.127966 0.537383 0.095763 0.530841 0.082203 0.525234 0.077119 0.517757 0.072881 0.516822 0.062712 0.514953 0.058475 0.965218
5 0.739252 0.568644 0.723364 0.577966 0.718692 0.583898 0.705607 0.608475 0.701869 0.612712 0.702804 0.636441 0.713084 0.650000 0.717757 0.653390 0.730841 0.658475 0.749533 0.658475 0.754206 0.656780 0.761682 0.651695 0.772897 0.640678 0.782243 0.634746 0.787850 0.629661 0.792523 0.622881 0.794393 0.617797 0.794393 0.596610 0.791589 0.589831 0.779439 0.577119 0.764486 0.568644 0.964879
5 0.195327 0.554237 0.176636 0.561017 0.163551 0.572881 0.158879 0.581356 0.158879 0.602542 0.164486 0.612712 0.173832 0.621186 0.195327 0.629661 0.225234 0.644068 0.247664 0.643220 0.264486 0.634746 0.271028 0.627966 0.275701 0.618644 0.276636 0.598305 0.272897 0.591525 0.261682 0.581356 0.242991 0.569492 0.231776 0.560170 0.219626 0.554237 0.964812
2 0.431776 0.207627 0.392523 0.240678 0.300935 0.322034 0.295327 0.328814 0.295327 0.333051 0.298131 0.335593 0.304673 0.333051 0.360748 0.283051 0.434579 0.214407 0.436449 0.211864 0.436449 0.207627 0.964628
6 0.150467 0.090678 0.147664 0.096610 0.143925 0.100000 0.134579 0.103390 0.128972 0.108475 0.128972 0.120339 0.135514 0.126271 0.145794 0.129661 0.149533 0.133051 0.155140 0.145763 0.166355 0.163559 0.178505 0.178814 0.200000 0.213559 0.207477 0.221186 0.214019 0.223729 0.228037 0.223729 0.234579 0.221186 0.242056 0.213559 0.242991 0.200000 0.223364 0.168644 0.197196 0.119492 0.184112 0.107627 0.171963 0.105085 0.167290 0.102542 0.156075 0.090678 0.964589
2 0.284112 0.264407 0.277570 0.269492 0.270093 0.280509 0.254206 0.299153 0.237383 0.316949 0.218692 0.333051 0.158879 0.399153 0.148598 0.411864 0.148598 0.416102 0.153271 0.416102 0.164486 0.405932 0.233645 0.333051 0.266355 0.295763 0.287850 0.273729 0.289720 0.270339 0.289720 0.266102 0.287850 0.264407 0.963486
2 0.635514 0.302542 0.624299 0.310169 0.614019 0.314407 0.605607 0.320339 0.597196 0.323729 0.585047 0.331356 0.551402 0.346610 0.460748 0.394915 0.457009 0.397458 0.457009 0.401695 0.462617 0.401695 0.514019 0.377119 0.583178 0.339831 0.638318 0.312712 0.642056 0.309322 0.642056 0.302542 0.962949
1 0.415888 0.368644 0.383178 0.383051 0.372897 0.385593 0.337383 0.401695 0.276636 0.423729 0.269159 0.425424 0.248598 0.422034 0.228972 0.424576 0.221495 0.427966 0.214953 0.433051 0.213084 0.436441 0.213084 0.444915 0.219626 0.451695 0.227103 0.455085 0.249533 0.455085 0.255140 0.453390 0.263551 0.448305 0.269159 0.443220 0.273832 0.436441 0.283178 0.429661 0.332710 0.413559 0.396262 0.388983 0.419626 0.382203 0.428037 0.377119 0.428037 0.371186 0.425234 0.368644 0.962393
5 0.569159 0.538983 0.555140 0.545763 0.543925 0.557627 0.540187 0.565254 0.540187 0.588136 0.543925 0.592373 0.547664 0.606780 0.552336 0.617797 0.558879 0.624576 0.570093 0.630508 0.591589 0.630508 0.598131 0.627966 0.603738 0.624576 0.610280 0.617797 0.615888 0.604237 0.618692 0.585593 0.618692 0.564407 0.616822 0.559322 0.609346 0.549153 0.602804 0.544068 0.591589 0.538983 0.960274
5 0.393458 0.534746 0.378505 0.542373 0.372897 0.547458 0.365421 0.557627 0.362617 0.562712 0.362617 0.582203 0.369159 0.592373 0.382243 0.604237 0.391589 0.616102 0.400935 0.624576 0.409346 0.627966 0.429907 0.627966 0.436449 0.625424 0.448598 0.616949 0.454206 0.609322 0.456075 0.604237 0.456075 0.585593 0.444860 0.564407 0.441121 0.553390 0.437383 0.547458 0.428972 0.539831 0.419626 0.534746 0.958908
2 0.766355 0.217797 0.749533 0.222881 0.689720 0.236441 0.669159 0.239831 0.614953 0.254237 0.597196 0.257627 0.585047 0.261864 0.584112 0.268644 0.595327 0.268644 0.602804 0.266949 0.615888 0.262712 0.761682 0.226271 0.773832 0.222034 0.775701 0.220339 0.775701 0.217797 0.951955
4 0.749533 0.398305 0.742991 0.401695 0.737383 0.406780 0.734579 0.411864 0.723364 0.447458 0.723364 0.468644 0.731776 0.475424 0.737383 0.477966 0.751402 0.477966 0.758879 0.472881 0.769159 0.456780 0.775701 0.450000 0.785981 0.430508 0.785981 0.411017 0.776636 0.401695 0.770093 0.398305 0.937496
4 0.520561 0.379661 0.516822 0.381356 0.509346 0.388136 0.506542 0.393220 0.506542 0.416102 0.509346 0.421186 0.514019 0.444915 0.521495 0.453390 0.528037 0.456780 0.543925 0.455932 0.552336 0.449153 0.554206 0.445763 0.553271 0.396610 0.547664 0.386441 0.537383 0.379661 0.918382