5 0.103738 0.543220 0.085047 0.550847 0.072897 0.562712 0.068224 0.569492 0.068224 0.591525 0.075701 0.603390 0.084112 0.610169 0.125234 0.627119 0.144860 0.633051 0.167290 0.633051 0.177570 0.629661 0.185047 0.625424 0.192523 0.617797 0.198131 0.607627 0.198131 0.588983 0.191589 0.579661 0.142991 0.548305 0.131776 0.543220 0.967155
1 0.462617 0.570339 0.458879 0.573729 0.459813 0.583051 0.482243 0.594915 0.520561 0.619492 0.561682 0.641525 0.601869 0.665254 0.608411 0.671186 0.613084 0.684746 0.620561 0.696610 0.628972 0.703390 0.641121 0.707627 0.655140 0.706780 0.658879 0.705085 0.667290 0.695763 0.668224 0.680508 0.660748 0.669492 0.643925 0.661864 0.613084 0.661017 0.603738 0.657627 0.550467 0.622881 0.519626 0.600000 0.471963 0.570339 0.967155
1 0.216822 0.698305 0.209346 0.705932 0.210280 0.716949 0.219626 0.720339 0.242056 0.725424 0.264486 0.733898 0.280374 0.743220 0.308411 0.767797 0.320561 0.772881 0.334579 0.772881 0.340187 0.771186 0.352336 0.760169 0.355140 0.754237 0.355140 0.738983 0.349533 0.732203 0.343925 0.728814 0.334579 0.726271 0.306542 0.725424 0.285047 0.722034 0.259813 0.713559 0.228972 0.698305 0.965796
1 0.845794 0.732203 0.834579 0.735593 0.826168 0.739831 0.818692 0.747458 0.814019 0.756780 0.806542 0.761017 0.766355 0.768644 0.732710 0.778814 0.665421 0.795763 0.661682 0.798305 0.661682 0.809322 0.664486 0.813559 0.668224 0.816102 0.676636 0.816102 0.704673 0.806780 0.760748 0.791525 0.800935 0.774576 0.814019 0.770339 0.822430 0.772034 0.832710 0.777966 0.840187 0.779661 0.852336 0.779661 0.865421 0.776271 0.873832 0.772034 0.884112 0.761017 0.885981 0.757627 0.885981 0.744915 0.883178 0.740678 0.878505 0.737288 0.863551 0.732203 0.965721
2 0.394393 0.371186 0.394393 0.375424 0.400935 0.379661 0.572897 0.469492 0.582243 0.469492 0.582243 0.464407 0.575701 0.459322 0.402804 0.371186 0.963844
5 0.220561 0.208475 0.210280 0.213559 0.200935 0.222881 0.200935 0.245763 0.202804 0.250000 0.212150 0.261017 0.226168 0.281356 0.231776 0.292373 0.238318 0.298305 0.256075 0.310169 0.271028 0.310169 0.279439 0.307627 0.287850 0.302542 0.295327 0.293220 0.295327 0.277119 0.267290 0.226271 0.256075 0.214407 0.254206 0.214407 0.252336 0.211864 0.245794 0.208475 0.961153
5 0.415888 0.817797 0.400000 0.826271 0.390654 0.834746 0.383178 0.845763 0.381308 0.851695 0.378505 0.854237 0.378505 0.885593 0.381308 0.888136 0.385981 0.898305 0.393458 0.905932 0.401869 0.911017 0.410280 0.913559 0.431776 0.913559 0.444860 0.909322 0.475701 0.883898 0.482243 0.872034 0.483178 0.849153 0.477570 0.836441 0.469159 0.828814 0.454206 0.823729 0.443925 0.817797 0.958906
6 0.720561 0.234746 0.713084 0.243220 0.705607 0.245763 0.700935 0.249153 0.694393 0.256780 0.690654 0.266102 0.689720 0.277966 0.679439 0.321186 0.679439 0.338136 0.685981 0.345763 0.694393 0.349153 0.711215 0.349153 0.718692 0.344068 0.722430 0.337288 0.726168 0.318644 0.736449 0.285593 0.742991 0.277966 0.750467 0.276271 0.756075 0.271186 0.756075 0.262712 0.754206 0.259322 0.746729 0.252542 0.734579 0.246610 0.728972 0.241525 0.726168 0.234746 0.958088
1 0.551402 0.139831 0.534579 0.146610 0.527103 0.152542 0.524299 0.157627 0.519626 0.161017 0.485981 0.166102 0.418692 0.187288 0.418692 0.191525 0.422430 0.199153 0.424299 0.200000 0.428972 0.200000 0.461682 0.188983 0.486916 0.182203 0.501869 0.175424 0.519626 0.169492 0.530841 0.169492 0.536449 0.171186 0.545794 0.171186 0.552336 0.169492 0.557944 0.166102 0.568224 0.155085 0.569159 0.141525 0.567290 0.139831 0.957982
5 0.599065 0.159322 0.587850 0.166949 0.579439 0.183898 0.579439 0.246610 0.585981 0.255932 0.600935 0.262712 0.614953 0.262712 0.625234 0.259322 0.633645 0.251695 0.636449 0.241525 0.636449 0.232203 0.641121 0.199153 0.641121 0.181356 0.634579 0.167797 0.623364 0.159322 0.955857
6 0.184112 0.290678 0.182243 0.295763 0.185047 0.300847 0.185047 0.305085 0.176636 0.314407 0.171028 0.324576 0.171963 0.343220 0.178505 0.351695 0.192523 0.365254 0.212150 0.389831 0.224299 0.400847 0.227103 0.406780 0.255140 0.438983 0.263551 0.444915 0.269159 0.446610 0.288785 0.446610 0.297196 0.444068 0.306542 0.438983 0.311215 0.434746 0.315888 0.427119 0.315888 0.405932 0.296262 0.378814 0.288785 0.365254 0.284112 0.360169 0.251402 0.308475 0.241121 0.300847 0.232710 0.297458 0.200935 0.297458 0.197196 0.296610 0.190654 0.290678 0.951641
2 0.388785 0.286441 0.334579 0.323729 0.313084 0.335593 0.295327 0.347458 0.285047 0.357627 0.287850 0.362712 0.292523 0.361864 0.308411 0.351695 0.385981 0.297458 0.392523 0.292373 0.394393 0.289831 0.394393 0.286441 0.946961
6 0.549533 0.277966 0.542056 0.286441 0.536449 0.288983 0.529907 0.298305 0.528037 0.303390 0.528037 0.323729 0.529907 0.326271 0.531776 0.335593 0.535514 0.375424 0.538318 0.381356 0.544860 0.387288 0.551402 0.389831 0.566355 0.389831 0.571963 0.387288 0.579439 0.378814 0.581308 0.312712 0.592523 0.303390 0.592523 0.294068 0.587850 0.288983 0.578505 0.285593 0.559813 0.283051 0.557009 0.277966 0.946469
4 0.504673 0.236441 0.494393 0.241525 0.488785 0.248305 0.488785 0.266949 0.493458 0.286441 0.500000 0.300847 0.500935 0.313559 0.507477 0.321186 0.514019 0.324576 0.523364 0.324576 0.527103 0.322034 0.528037 0.302542 0.531776 0.294068 0.536449 0.288136 0.535514 0.248305 0.528037 0.239831 0.521495 0.236441 0.933618
2 0.790654 0.532203 0.770093 0.535593 0.715888 0.539831 0.657944 0.547458 0.642056 0.548305 0.603738 0.554237 0.571963 0.556780 0.565421 0.558475 0.566355 0.566949 0.583178 0.566949 0.607477 0.563559 0.615888 0.563559 0.635514 0.560170 0.643925 0.560170 0.692523 0.554237 0.733645 0.547458 0.742056 0.547458 0.754206 0.544915 0.790654 0.541525 0.805607 0.538136 0.807477 0.536441 0.807477 0.532203 0.928367
4 0.394393 0.180508 0.383178 0.187288 0.379439 0.192373 0.379439 0.206780 0.388785 0.227966 0.397196 0.257627 0.400000 0.261864 0.407477 0.266102 0.426168 0.265254 0.434579 0.257627 0.434579 0.244068 0.428037 0.224576 0.423364 0.201695 0.419626 0.195763 0.416822 0.187288 0.407477 0.180508 0.928164
2 0.385047 0.173729 0.316822 0.189831 0.298131 0.195763 0.286916 0.197458 0.253271 0.207627 0.249533 0.207627 0.249533 0.211864 0.268224 0.211017 0.343925 0.192373 0.382243 0.184746 0.396262 0.179661 0.397196 0.173729 0.927389
2 0.213084 0.398305 0.213084 0.405932 0.218692 0.409322 0.222430 0.409322 0.225234 0.407627 0.225234 0.404237 0.220561 0.398305 0.628954