5 0.092523 0.529661 0.075701 0.537288 0.064486 0.549153 0.059813 0.556780 0.059813 0.577119 0.068224 0.588983 0.077570 0.595763 0.100000 0.603390 0.116822 0.611864 0.141121 0.621186 0.155140 0.621186 0.171028 0.615254 0.178505 0.610169 0.185981 0.602542 0.191589 0.592373 0.192523 0.574576 0.188785 0.568644 0.173832 0.557627 0.136449 0.534746 0.124299 0.529661 0.968503
6 0.225234 0.270339 0.223364 0.272881 0.223364 0.283051 0.213084 0.293220 0.205607 0.303390 0.204673 0.321186 0.220561 0.338136 0.224299 0.344915 0.248598 0.375424 0.281308 0.420339 0.290654 0.427966 0.299065 0.430508 0.314953 0.430508 0.324299 0.427966 0.330841 0.424576 0.338318 0.417797 0.342056 0.411017 0.341121 0.388136 0.332710 0.376271 0.314019 0.339831 0.309346 0.335593 0.303738 0.322034 0.294393 0.310169 0.286916 0.294068 0.280374 0.286441 0.266355 0.278814 0.257944 0.277119 0.239252 0.277119 0.230841 0.270339 0.967520
5 0.357944 0.833898 0.347664 0.838136 0.332710 0.849153 0.327103 0.855932 0.317757 0.874576 0.317757 0.902542 0.319626 0.904237 0.320561 0.908475 0.327103 0.918644 0.330841 0.922034 0.338318 0.927119 0.347664 0.930508 0.371963 0.930508 0.385047 0.925424 0.400935 0.914407 0.408411 0.911864 0.417757 0.905932 0.427103 0.894068 0.430841 0.883898 0.430841 0.860169 0.427103 0.851695 0.422430 0.845763 0.415888 0.840678 0.396262 0.833898 0.964924
1 0.472897 0.117797 0.471963 0.127966 0.474766 0.130508 0.499065 0.169492 0.514019 0.188136 0.514019 0.207627 0.516822 0.213559 0.521495 0.217797 0.530841 0.222034 0.544860 0.222034 0.550467 0.216102 0.550467 0.205085 0.542056 0.195763 0.525234 0.188136 0.503738 0.148305 0.483178 0.117797 0.961286
1 0.235514 0.683898 0.222430 0.688983 0.214019 0.696610 0.212150 0.700000 0.213084 0.716102 0.220561 0.722881 0.233645 0.727966 0.257009 0.727966 0.296262 0.716949 0.318692 0.712712 0.380374 0.712712 0.385981 0.709322 0.387850 0.705932 0.387850 0.695763 0.384112 0.691525 0.381308 0.690678 0.368224 0.689830 0.332710 0.694068 0.300935 0.694068 0.290654 0.692373 0.260748 0.683898 0.960696
5 0.613084 0.171186 0.604673 0.175424 0.600000 0.179661 0.592523 0.193220 0.591589 0.257627 0.595327 0.264407 0.601869 0.270339 0.615888 0.275424 0.627103 0.275424 0.638318 0.271186 0.646729 0.261864 0.649533 0.250000 0.653271 0.216949 0.653271 0.193220 0.646729 0.179661 0.634579 0.171186 0.959430
2 0.442056 0.388983 0.361682 0.567797 0.360748 0.577966 0.362617 0.579661 0.367290 0.579661 0.371028 0.576271 0.378505 0.561017 0.381308 0.551695 0.414953 0.475424 0.444860 0.400847 0.446729 0.395763 0.446729 0.388983 0.957944
1 0.517757 0.517797 0.508411 0.542373 0.506542 0.551695 0.497196 0.575424 0.494393 0.586441 0.491589 0.591525 0.468224 0.667797 0.463551 0.674576 0.446729 0.685593 0.438318 0.695763 0.434579 0.703390 0.434579 0.722034 0.439252 0.727966 0.446729 0.732203 0.462617 0.732203 0.467290 0.730508 0.476636 0.722881 0.481308 0.714407 0.483178 0.707627 0.483178 0.691525 0.475701 0.676271 0.475701 0.670339 0.505607 0.591525 0.514019 0.572881 0.522430 0.547458 0.528037 0.535593 0.530841 0.527119 0.530841 0.520339 0.528972 0.517797 0.957164
5 0.263551 0.219492 0.253271 0.224576 0.243925 0.234746 0.242991 0.257627 0.256075 0.274576 0.272897 0.279661 0.285981 0.290678 0.290654 0.297458 0.294393 0.306780 0.304673 0.321186 0.311215 0.321186 0.318692 0.318644 0.330841 0.309322 0.334579 0.303390 0.334579 0.290678 0.314953 0.252542 0.308411 0.236441 0.299065 0.227119 0.285047 0.219492 0.955915
1 0.715888 0.647458 0.711215 0.650847 0.712150 0.665254 0.719626 0.685593 0.723364 0.702542 0.726168 0.707627 0.736449 0.744915 0.746729 0.770339 0.754206 0.794068 0.754206 0.800847 0.749533 0.807627 0.746729 0.816102 0.747664 0.838136 0.751402 0.847458 0.758879 0.859322 0.766355 0.866949 0.773832 0.871186 0.787850 0.871186 0.793458 0.866102 0.797196 0.858475 0.797196 0.836441 0.788785 0.815254 0.783178 0.808475 0.769159 0.798305 0.766355 0.793220 0.758879 0.752542 0.753271 0.736441 0.731776 0.654237 0.727103 0.647458 0.955450
6 0.698131 0.237288 0.692523 0.245763 0.680374 0.251695 0.668224 0.266949 0.665421 0.272881 0.665421 0.278814 0.667290 0.282203 0.667290 0.294915 0.662617 0.323729 0.662617 0.342373 0.671028 0.350847 0.678505 0.354237 0.695327 0.354237 0.699065 0.352542 0.705607 0.345763 0.708411 0.337288 0.709346 0.327966 0.715888 0.302542 0.715888 0.297458 0.720561 0.281356 0.720561 0.264407 0.715888 0.254237 0.707477 0.246610 0.704673 0.237288 0.946321
6 0.533645 0.276271 0.532710 0.281356 0.522430 0.289831 0.514019 0.303390 0.512150 0.309322 0.512150 0.322034 0.517757 0.335593 0.523364 0.377966 0.528037 0.383898 0.540187 0.388983 0.552336 0.388983 0.557009 0.387288 0.564486 0.381356 0.567290 0.375424 0.565421 0.301695 0.558879 0.290678 0.553271 0.285593 0.542991 0.280509 0.540187 0.276271 0.936707
4 0.498131 0.240678 0.490654 0.244915 0.485047 0.250847 0.484112 0.266102 0.486916 0.283051 0.493458 0.301695 0.495327 0.316102 0.503738 0.325424 0.508411 0.327119 0.513084 0.326271 0.511215 0.318644 0.512150 0.305085 0.519626 0.291525 0.530841 0.282203 0.532710 0.277966 0.532710 0.260170 0.530841 0.250847 0.524299 0.244068 0.517757 0.240678 0.933138
4 0.371963 0.196610 0.360748 0.205932 0.360748 0.223729 0.364486 0.229661 0.372897 0.254237 0.378505 0.261864 0.379439 0.268644 0.382243 0.272881 0.391589 0.279661 0.408411 0.278814 0.414953 0.273729 0.417757 0.269492 0.417757 0.257627 0.413084 0.250000 0.407477 0.235593 0.404673 0.217797 0.401869 0.210169 0.391589 0.196610 0.930063
2 0.671963 0.436441 0.668224 0.454237 0.666355 0.483898 0.660748 0.520339 0.656075 0.577119 0.649533 0.626271 0.649533 0.648305 0.651402 0.650000 0.653271 0.650000 0.656075 0.646610 0.658879 0.632203 0.673832 0.499153 0.679439 0.463559 0.679439 0.436441 0.899546
2 0.420561 0.143220 0.414019 0.155932 0.403738 0.183051 0.397196 0.194068 0.397196 0.202542 0.400935 0.207627 0.404673 0.204237 0.419626 0.165254 0.425234 0.150000 0.425234 0.143220 0.894212
2 0.318692 0.329661 0.311215 0.330508 0.311215 0.336441 0.314953 0.338983 0.379439 0.337288 0.388785 0.335593 0.389720 0.330508 0.387850 0.329661 0.839194
2 0.371963 0.257627 0.362617 0.277119 0.363551 0.286441 0.370093 0.286441 0.374766 0.280509 0.378505 0.271186 0.378505 0.262712 0.375701 0.257627 0.797213
2 0.165421 0.335593 0.164486 0.342373 0.171028 0.344915 0.210280 0.344068 0.218692 0.341525 0.218692 0.338136 0.215888 0.335593 0.781910